0 0.028125 0.120833 0.05625 0.2375
60 0.121094 0.351042 0.242188 0.210417
60 0.121094 0.277083 0.239063 0.0875
60 0.500781 0.705208 0.992188 0.589583
53 0.177344 0.711458 0.354688 0.502083
0 0.0742188 0.120833 0.148438 0.2375
0 0.244531 0.117708 0.170312 0.235417
41 0.09375 0.190625 0.05 0.11875
42 0.445312 0.342708 0.1 0.25625
53 0.578906 0.4625 0.214062 0.1125
41 0.875781 0.3 0.182812 0.341667
53 0.771875 0.608333 0.45625 0.3125
0 0.594531 0.247917 0.729688 0.491667
43 0.454688 0.822917 0.659375 0.183333
