40 0.3482 0.275766 0.0516432 0.200557
0 0.0156495 0.150418 0.0312989 0.189415
41 0.364632 0.777159 0.209703 0.440111
41 0.177621 0.456825 0.0798122 0.150418
0 0.315336 0.101671 0.0672926 0.169916
40 0.13928 0.348189 0.0594679 0.306407
27 0.442097 0.192201 0.0547731 0.139276
40 0.535994 0.206128 0.0610329 0.116992
58 0.400626 0.307799 0.150235 0.342618
60 0.499218 0.692201 0.995305 0.576602
0 0.392801 0.0752089 0.0657277 0.139276
40 0.723787 0.233983 0.0672926 0.155989
60 0.498435 0.547354 0.99374 0.883008
40 0.138498 0.29805 0.057903 0.206128
42 0.852113 0.527855 0.0391236 0.0752089
40 0.344288 0.611421 0.125196 0.465181
42 0.594679 0.746518 0.206573 0.139276
42 0.118936 0.976323 0.0532081 0.0473538
0 0.6518 0.0738162 0.057903 0.147632
0 0.241002 0.153203 0.175274 0.306407
40 0.267606 0.48468 0.115806 0.367688
40 0.777778 0.392758 0.0876369 0.428969
40 0.364632 0.778552 0.209703 0.437326
40 0.636933 0.472145 0.0907668 0.481894
41 0.0195618 0.816156 0.0391236 0.228412
40 0.532081 0.51532 0.0970266 0.462396
0 0.56964 0.0807799 0.0813771 0.16156
39 0.245696 0.211699 0.0657277 0.21727
0 0.0892019 0.151811 0.140845 0.264624
40 0.832551 0.462396 0.0970266 0.417827
45 0.882629 0.690808 0.147105 0.167131
0 0.899061 0.203343 0.201878 0.406685
41 0.146322 0.714485 0.0954617 0.24234
0 0.448357 0.147632 0.179969 0.295265
43 0.805164 0.718663 0.158059 0.183844
40 0.928012 0.366295 0.0782473 0.331476
40 0.581377 0.603064 0.117371 0.576602
40 0.0571205 0.522284 0.111111 0.465181
40 0.699531 0.583565 0.112676 0.548747
