0 0.675781 0.847418 0.0234375 0.0469484
2 0.340625 0.54108 0.015625 0.0258216
9 0.503906 0.553991 0.0078125 0.0328638
9 0.519531 0.568075 0.0109375 0.0328638
5 0.797656 0.634977 0.382812 0.105634
2 0.0601562 0.553991 0.0296875 0.0234742
25 0.626562 0.717136 0.0375 0.0258216
0 0.450781 0.792253 0.0265625 0.0821596
3 0.221094 0.857981 0.0296875 0.0633803
9 0.796094 0.701878 0.0140625 0.0375587
5 0.91875 0.631455 0.134375 0.0985916
2 0.326562 0.570423 0.01875 0.0234742
0 0.699219 0.755869 0.0234375 0.0751174
0 0.410156 0.799296 0.0203125 0.0915493
0 0.394531 0.802817 0.0203125 0.084507
0 0.659375 0.827465 0.021875 0.0774648
0 0.667188 0.75 0.0125 0.07277
9 0.532812 0.618545 0.0125 0.0399061
0 0.825781 0.792253 0.0203125 0.0821596
5 0.7125 0.637324 0.21875 0.105634
0 0.219531 0.836854 0.0328125 0.0962441
0 0.860156 0.811033 0.0203125 0.0821596
0 0.761719 0.839202 0.0265625 0.0962441
0 0.0929687 0.806338 0.0234375 0.0962441
2 0.404687 0.642019 0.04375 0.0586854
0 0.58125 0.879108 0.028125 0.100939
7 0.208594 0.943662 0.104687 0.107981
9 0.403906 0.508216 0.0140625 0.0446009
9 0.269531 0.502347 0.0109375 0.0422535
5 0.36875 0.577465 0.0375 0.0798122
5 0.399219 0.600939 0.0515625 0.0704225
2 0.771875 0.951878 0.109375 0.0962441
