0 0.065625 0.601042 0.13125 0.339583
2 0.771094 0.363542 0.0890625 0.0854167
0 0.573438 0.325 0.021875 0.0458333
3 0.182812 0.559375 0.175 0.272917
2 0.504687 0.345833 0.125 0.0791667
9 0.585156 0.165625 0.0234375 0.0729167
9 0.421094 0.1875 0.0203125 0.0458333
1 0.171094 0.90625 0.335938 0.1875
2 0.529688 0.34375 0.06875 0.0791667
26 0.507812 0.552083 0.071875 0.204167
1 0.279687 0.864583 0.55 0.270833
2 0.771094 0.351042 0.0859375 0.0604167
9 0.58125 0.167708 0.01875 0.06875
3 0.135156 0.559375 0.270312 0.285417
16 0.965625 0.657292 0.06875 0.18125
0 0.486719 0.359375 0.0328125 0.14375
0 0.417969 0.64375 0.198437 0.7125
0 0.870313 0.4625 0.125 0.3875
2 0.646094 0.464583 0.329688 0.254167
0 0.0976562 0.514583 0.195312 0.5125
5 0.200781 0.273958 0.401563 0.547917
