0 0.0453125 0.554167 0.090625 0.245833
9 0.748438 0.183333 0.0125 0.0333333
0 0.574219 0.323958 0.0171875 0.0479167
2 0.70625 0.352083 0.190625 0.0833333
0 0.558594 0.325 0.0140625 0.0291667
0 0.544531 0.31875 0.0171875 0.0291667
26 0.505469 0.542708 0.0796875 0.227083
1 0.171094 0.907292 0.335938 0.185417
5 0.957812 0.397917 0.084375 0.429167
2 0.678906 0.330208 0.126563 0.0395833
24 0.863281 0.384375 0.104687 0.10625
1 0.278906 0.86875 0.545313 0.2625
9 0.735156 0.183333 0.0109375 0.0333333
9 0.580469 0.169792 0.0171875 0.0645833
26 0.510156 0.5625 0.0671875 0.1875
2 0.773438 0.346875 0.08125 0.0520833
0 0.483594 0.3625 0.0390625 0.145833
2 0.501562 0.34375 0.140625 0.0833333
0 0.0921875 0.5125 0.184375 0.5
16 0.964844 0.663542 0.0703125 0.172917
0 0.870313 0.48125 0.121875 0.4125
3 0.135156 0.588542 0.270312 0.352083
0 0.405469 0.647917 0.182812 0.7
2 0.644531 0.465625 0.329688 0.25625
5 0.200781 0.272917 0.398438 0.541667
