0 0.199531 0.192201 0.276995 0.384401
0 0.0156495 0.150418 0.0312989 0.189415
41 0.177621 0.456825 0.0798122 0.150418
41 0.364632 0.777159 0.209703 0.440111
40 0.13928 0.348189 0.0594679 0.306407
60 0.5 0.692201 0.99687 0.576602
0 0.316119 0.103064 0.0657277 0.167131
40 0.536776 0.204735 0.0625978 0.114206
27 0.442097 0.192201 0.0547731 0.139276
58 0.401408 0.309192 0.14867 0.339833
40 0.723787 0.233983 0.0672926 0.155989
0 0.392801 0.0752089 0.0657277 0.139276
40 0.13928 0.299443 0.0594679 0.208914
60 0.498435 0.548747 0.99374 0.891365
42 0.852895 0.527855 0.0375587 0.0752089
42 0.594679 0.746518 0.206573 0.139276
42 0.118936 0.976323 0.056338 0.0473538
40 0.344288 0.611421 0.125196 0.465181
0 0.6518 0.0738162 0.057903 0.147632
0 0.241784 0.153203 0.176839 0.306407
40 0.267606 0.48468 0.115806 0.367688
40 0.777778 0.392758 0.0876369 0.428969
40 0.364632 0.778552 0.209703 0.437326
40 0.63615 0.472145 0.0923318 0.481894
41 0.0195618 0.816156 0.0391236 0.228412
40 0.532081 0.51532 0.0970266 0.462396
0 0.56964 0.0807799 0.0813771 0.16156
39 0.245696 0.211699 0.0657277 0.21727
0 0.0892019 0.151811 0.140845 0.264624
40 0.832551 0.462396 0.0970266 0.417827
45 0.882629 0.690808 0.147105 0.167131
0 0.898279 0.203343 0.203443 0.406685
41 0.146322 0.714485 0.0954617 0.24234
0 0.448357 0.147632 0.179969 0.295265
43 0.805164 0.718663 0.158059 0.183844
40 0.928012 0.366295 0.0782473 0.331476
40 0.581377 0.601671 0.117371 0.579387
40 0.0571205 0.522284 0.111111 0.465181
40 0.699531 0.582173 0.112676 0.545961
