60 0.121094 0.276042 0.242188 0.0895833
60 0.122656 0.342708 0.242188 0.222917
42 0.442969 0.292708 0.104687 0.35625
42 0.411719 0.291667 0.167187 0.358333
60 0.498437 0.717708 0.984375 0.564583
53 0.182031 0.708333 0.364062 0.5
0 0.244531 0.11875 0.170312 0.2375
42 0.446094 0.342708 0.0984375 0.25625
0 0.075 0.11875 0.15 0.2375
41 0.09375 0.192708 0.05 0.11875
53 0.578906 0.4625 0.214062 0.1125
41 0.875781 0.3 0.182812 0.341667
53 0.771094 0.607292 0.457812 0.314583
0 0.603125 0.251042 0.7875 0.497917
43 0.454688 0.822917 0.65625 0.183333
